# Time	PAMP	R	R*	E_int	Callose	Path	Path_bulk	PRR*	PRR	E	Compartments[Cell]	Compartments[Apoplast]	
0	0	1	0	0	0	0	0	0	1	0	1	1	
1	0	1	0	0	0	0	0	0	1	0	1	1	
2	0	1	0	0	0	0	0	0	1	0	1	1	
3	0	1	0	0	0	0	0	0	1	0	1	1	
4	0	1	0	0	0	0	0	0	1	0	1	1	
5	0	1	0	0	0	0	0	0	1	0	1	1	
6	0	1	0	0	0	0	0	0	1	0	1	1	
7	0	1	0	0	0	0	0	0	1	0	1	1	
8	0	1	0	0	0	0	0	0	1	0	1	1	
9	0	1	0	0	0	0	0	0	1	0	1	1	
10	0	1	0	0	0	0	0	0	1	0	1	1	
11	0.00467884	1	0	0.00120545	0	0.0951626	1	0	1	0.00347339	1	1	
12	0.0175231	1	0	0.00714431	0	0.181269	1	0	1	0.0103788	1	1	
13	0.0369363	1	0	0.0184388	0	0.259182	1	0	1	0.0184975	1	1	
14	0.0615519	1	0	0.0343695	0	0.32968	1	0	1	0.0271825	1	1	
15	0.090204	1	0	0.054001	0	0.393469	1	0	1	0.036203	1	1	
16	0.121901	1	0	0.0764549	0	0.451188	1	0	1	0.0454464	1	1	
17	0.155805	1	0	0.100968	0	0.503415	1	0	1	0.0548367	1	1	
18	0.191208	1	0	0.126897	0	0.550671	1	0	1	0.0643106	1	1	
19	0.227518	1	0	0.153707	0	0.59343	1	0	1	0.0738111	1	1	
20	0.264241	1	0	0.180956	0	0.632121	1	0	1	0.0832848	1	1	
21	0.300971	1	0	0.208289	0	0.667129	1	0	1	0.0926821	1	1	
22	0.337373	1	0	0.235415	0	0.698806	1	0	1	0.101957	1	1	
23	0.373177	1	0	0.262107	0	0.727468	1	0	1	0.111069	1	1	
24	0.408167	1	0	0.288186	0	0.753403	1	0	1	0.119981	1	1	
25	0.442175	1	0	0.313514	0	0.77687	1	0	1	0.128661	1	1	
26	0.475069	1	0	0.337988	0	0.798103	1	0	1	0.137081	1	1	
27	0.506755	1	0	0.361536	0	0.817316	1	0	1	0.145218	1	1	
28	0.537163	1	0	0.384108	0	0.834701	1	0	1	0.153055	1	1	
29	0.566251	1	0	0.405674	0	0.850431	1	0	1	0.160578	1	1	
30	0.593994	1	0	0.426219	0	0.864665	1	0	1	0.167776	1	1	
31	0.620385	1	0	0.445742	0	0.877544	1	0	1	0.174643	1	1	
32	0.64543	1	0	0.464253	0	0.889197	1	0	1	0.181177	1	1	
33	0.669146	1	0	0.481769	0	0.899741	1	0	1	0.187377	1	1	
34	0.691559	1	0	0.498313	0	0.909282	1	0	1	0.193246	1	1	
35	0.712702	1	0	0.513914	0	0.917915	1	0	1	0.198788	1	1	
36	0.732615	1	0	0.528604	0	0.925726	1	0	1	0.204011	1	1	
37	0.75134	1	0	0.542418	0	0.932794	1	0	1	0.208922	1	1	
38	0.768922	1	0	0.555392	0	0.93919	1	0	1	0.21353	1	1	
39	0.785409	1	0	0.567562	0	0.944977	1	0	1	0.217847	1	1	
40	0.800852	1	0	0.578968	0	0.950213	1	0	1	0.221883	1	1	
41	0.815298	1	0	0.589647	0	0.954951	1	0	1	0.225651	1	1	
42	0.828799	1	0	0.599636	0	0.959238	1	0	1	0.229163	1	1	
43	0.841402	1	0	0.608972	0	0.963117	1	0	1	0.232431	1	1	
44	0.853158	1	0	0.61769	0	0.966627	1	0	1	0.235467	1	1	
45	0.864112	1	0	0.625827	0	0.969803	1	0	1	0.238285	1	1	
46	0.874311	1	0	0.633414	0	0.972676	1	0	1	0.240897	1	1	
47	0.883799	1	0	0.640486	0	0.975276	1	0	1	0.243314	1	1	
48	0.89262	1	0	0.647072	0	0.977629	1	0	1	0.245549	1	1	
49	0.900815	1	0	0.653202	0	0.979758	1	0	1	0.247613	1	1	
50	0.908422	1	0	0.658905	0	0.981684	1	0	1	0.249517	1	1	
51	0.915479	1	0	0.664208	0	0.983427	1	0	1	0.251272	1	1	
52	0.922023	1	0	0.669136	0	0.985004	1	0	1	0.252887	1	1	
53	0.928087	1	0	0.673713	0	0.986431	1	0	1	0.254373	1	1	
54	0.933702	1	0	0.677963	0	0.987723	1	0	1	0.255739	1	1	
55	0.938901	1	0	0.681907	0	0.988891	1	0	1	0.256994	1	1	
56	0.94371	1	0	0.685565	0	0.989948	1	0	1	0.258145	1	1	
57	0.948157	1	0	0.688957	0	0.990905	1	0	1	0.2592	1	1	
58	0.952267	1	0	0.6921	0	0.99177	1	0	1	0.260167	1	1	
59	0.956065	1	0	0.695012	0	0.992553	1	0	1	0.261053	1	1	
60	0.959572	1	0	0.697709	0	0.993262	1	0	1	0.261863	1	1	
61	0.96281	1	0	0.700206	0	0.993903	1	0	1	0.262604	1	1	
62	0.965797	1	0	0.702516	0	0.994483	1	0	1	0.263281	1	1	
63	0.968553	1	0	0.704653	0	0.995008	1	0	1	0.2639	1	1	
64	0.971094	1	0	0.706629	0	0.995483	1	0	1	0.264465	1	1	
65	0.973436	1	0	0.708456	0	0.995913	1	0	1	0.26498	1	1	
66	0.975594	1	0	0.710144	0	0.996302	1	0	1	0.26545	1	1	
67	0.977582	1	0	0.711703	0	0.996654	1	0	1	0.265879	1	1	
68	0.979412	1	0	0.713143	0	0.996972	1	0	1	0.266269	1	1	
69	0.981097	1	0	0.714472	0	0.99726	1	0	1	0.266625	1	1	
70	0.982648	1	0	0.715699	0	0.997521	1	0	1	0.266949	1	1	
71	0.984075	1	0	0.716831	0	0.997757	1	0	1	0.267244	1	1	
72	0.985388	1	0	0.717876	0	0.997971	1	0	1	0.267512	1	1	
73	0.986595	1	0	0.718839	0	0.998164	1	0	1	0.267756	1	1	
74	0.987705	1	0	0.719726	0	0.998339	1	0	1	0.267978	1	1	
75	0.988724	1	0	0.720544	0	0.998497	1	0	1	0.26818	1	1	
76	0.989661	1	0	0.721298	0	0.99864	1	0	1	0.268363	1	1	
77	0.990522	1	0	0.721992	0	0.998769	1	0	1	0.26853	1	1	
78	0.991313	1	0	0.722631	0	0.998886	1	0	1	0.268681	1	1	
79	0.992039	1	0	0.72322	0	0.998992	1	0	1	0.268819	1	1	
80	0.992705	1	0	0.723762	0	0.999088	1	0	1	0.268944	1	1	
81	0.993317	1	0	0.72426	0	0.999175	1	0	1	0.269057	1	1	
82	0.993878	1	0	0.724718	0	0.999253	1	0	1	0.26916	1	1	
83	0.994393	1	0	0.72514	0	0.999325	1	0	1	0.269253	1	1	
84	0.994866	1	0	0.725528	0	0.999389	1	0	1	0.269338	1	1	
85	0.995299	1	0	0.725884	0	0.999447	1	0	1	0.269415	1	1	
86	0.995696	1	0	0.726212	0	0.9995	1	0	1	0.269484	1	1	
87	0.996061	1	0	0.726513	0	0.999547	1	0	1	0.269547	1	1	
88	0.996394	1	0	0.72679	0	0.99959	1	0	1	0.269605	1	1	
89	0.9967	1	0	0.727044	0	0.999629	1	0	1	0.269656	1	1	
90	0.996981	1	0	0.727277	0	0.999664	1	0	1	0.269704	1	1	
91	0.997238	1	0	0.727492	0	0.999696	1	0	1	0.269746	1	1	
92	0.997473	1	0	0.727688	0	0.999725	1	0	1	0.269785	1	1	
93	0.997689	1	0	0.727869	0	0.999751	1	0	1	0.26982	1	1	
94	0.997886	1	0	0.728035	0	0.999775	1	0	1	0.269852	1	1	
95	0.998067	1	0	0.728187	0	0.999797	1	0	1	0.26988	1	1	
96	0.998232	1	0	0.728326	0	0.999816	1	0	1	0.269906	1	1	
97	0.998384	1	0	0.728454	0	0.999833	1	0	1	0.26993	1	1	
98	0.998523	1	0	0.728571	0	0.999849	1	0	1	0.269951	1	1	
99	0.99865	1	0	0.728679	0	0.999864	1	0	1	0.269971	1	1	
100	0.998766	1	0	0.728777	0	0.999877	1	0	1	0.269988	1	1	
101	0.998872	1	0	0.728868	0	0.999888	1	0	1	0.270004	1	1	
102	0.998969	1	0	0.728951	0	0.999899	1	0	1	0.270019	1	1	
103	0.999058	1	0	0.729027	0	0.999909	1	0	1	0.270032	1	1	
104	0.99914	1	0	0.729096	0	0.999917	1	0	1	0.270043	1	1	
105	0.999214	1	0	0.72916	0	0.999925	1	0	1	0.270054	1	1	
106	0.999282	1	0	0.729218	0	0.999932	1	0	1	0.270064	1	1	
107	0.999344	1	0	0.729272	0	0.999939	1	0	1	0.270073	1	1	
108	0.999401	1	0	0.729321	0	0.999945	1	0	1	0.270081	1	1	
109	0.999453	1	0	0.729365	0	0.99995	1	0	1	0.270088	1	1	
110	0.999501	1	0	0.729406	0	0.999955	1	0	1	0.270094	1	1	
111	0.999544	1	0	0.729444	0	0.999959	1	0	1	0.2701	1	1	
112	0.999584	1	0	0.729478	0	0.999963	1	0	1	0.270105	1	1	
113	0.99962	1	0	0.72951	0	0.999966	1	0	1	0.27011	1	1	
114	0.999653	1	0	0.729538	0	0.99997	1	0	1	0.270115	1	1	
115	0.999683	1	0	0.729565	0	0.999972	1	0	1	0.270119	1	1	
116	0.999711	1	0	0.729589	0	0.999975	1	0	1	0.270122	1	1	
117	0.999736	1	0	0.729611	0	0.999977	1	0	1	0.270125	1	1	
118	0.999759	1	0	0.729631	0	0.99998	1	0	1	0.270128	1	1	
119	0.99978	1	0	0.729649	0	0.999982	1	0	1	0.270131	1	1	
120	0.999799	1	0	0.729666	0	0.999983	1	0	1	0.270133	1	1	
121	0.999817	1	0	0.729682	0	0.999985	1	0	1	0.270136	1	1	
122	0.999833	1	0	0.729696	0	0.999986	1	0	1	0.270137	1	1	
123	0.999848	1	0	0.729708	0	0.999988	1	0	1	0.270139	1	1	
124	0.999861	1	0	0.72972	0	0.999989	1	0	1	0.270141	1	1	
125	0.999873	1	0	0.729731	0	0.99999	1	0	1	0.270142	1	1	
126	0.999884	1	0	0.729741	0	0.999991	1	0	1	0.270144	1	1	
127	0.999894	1	0	0.72975	0	0.999992	1	0	1	0.270145	1	1	
128	0.999904	1	0	0.729758	0	0.999992	1	0	1	0.270146	1	1	
129	0.999912	1	0	0.729765	0	0.999993	1	0	1	0.270147	1	1	
130	0.99992	1	0	0.729772	0	0.999994	1	0	1	0.270148	1	1	
131	0.999927	1	0	0.729778	0	0.999994	1	0	1	0.270149	1	1	
132	0.999933	1	0	0.729784	0	0.999995	1	0	1	0.270149	1	1	
133	0.999939	1	0	0.729789	0	0.999995	1	0	1	0.27015	1	1	
134	0.999945	1	0	0.729794	0	0.999996	1	0	1	0.270151	1	1	
135	0.99995	1	0	0.729799	0	0.999996	1	0	1	0.270151	1	1	
136	0.999954	1	0	0.729803	0	0.999997	1	0	1	0.270152	1	1	
137	0.999958	1	0	0.729806	0	0.999997	1	0	1	0.270152	1	1	
138	0.999962	1	0	0.729809	0	0.999997	1	0	1	0.270152	1	1	
139	0.999965	1	0	0.729813	0	0.999998	1	0	1	0.270153	1	1	
140	0.999968	1	0	0.729815	0	0.999998	1	0	1	0.270153	1	1	
141	0.999971	1	0	0.729818	0	0.999998	1	0	1	0.270153	1	1	
142	0.999974	1	0	0.72982	0	0.999998	1	0	1	0.270154	1	1	
143	0.999976	1	0	0.729822	0	0.999998	1	0	1	0.270154	1	1	
144	0.999978	1	0	0.729824	0	0.999999	1	0	1	0.270154	1	1	
145	0.99998	1	0	0.729826	0	0.999999	1	0	1	0.270154	1	1	
146	0.999982	1	0	0.729827	0	0.999999	1	0	1	0.270155	1	1	
147	0.999984	1	0	0.729829	0	0.999999	1	0	1	0.270155	1	1	
148	0.999985	1	0	0.72983	0	0.999999	1	0	1	0.270155	1	1	
149	0.999986	1	0	0.729831	0	0.999999	1	0	1	0.270155	1	1	
150	0.999988	1	0	0.729833	0	0.999999	1	0	1	0.270155	1	1	
151	0.999989	1	0	0.729834	0	0.999999	1	0	1	0.270155	1	1	
152	0.99999	1	0	0.729834	0	0.999999	1	0	1	0.270155	1	1	
153	0.999991	1	0	0.729835	0	0.999999	1	0	1	0.270155	1	1	
154	0.999992	1	0	0.729836	0	0.999999	1	0	1	0.270155	1	1	
155	0.999992	1	0	0.729837	0	1	1	0	1	0.270156	1	1	
156	0.999993	1	0	0.729837	0	1	1	0	1	0.270156	1	1	
157	0.999994	1	0	0.729838	0	1	1	0	1	0.270156	1	1	
158	0.999994	1	0	0.729839	0	1	1	0	1	0.270156	1	1	
159	0.999995	1	0	0.729839	0	1	1	0	1	0.270156	1	1	
160	0.999995	1	0	0.729839	0	1	1	0	1	0.270156	1	1	
161	0.999996	1	0	0.72984	0	1	1	0	1	0.270156	1	1	
162	0.999996	1	0	0.72984	0	1	1	0	1	0.270156	1	1	
163	0.999997	1	0	0.729841	0	1	1	0	1	0.270156	1	1	
164	0.999997	1	0	0.729841	0	1	1	0	1	0.270156	1	1	
165	0.999997	1	0	0.729841	0	1	1	0	1	0.270156	1	1	
166	0.999997	1	0	0.729841	0	1	1	0	1	0.270156	1	1	
167	0.999998	1	0	0.729842	0	1	1	0	1	0.270156	1	1	
168	0.999998	1	0	0.729842	0	1	1	0	1	0.270156	1	1	
169	0.999998	1	0	0.729842	0	1	1	0	1	0.270156	1	1	
170	0.999998	1	0	0.729842	0	1	1	0	1	0.270156	1	1	
171	0.999998	1	0	0.729842	0	1	1	0	1	0.270156	1	1	
172	0.999999	1	0	0.729842	0	1	1	0	1	0.270156	1	1	
173	0.999999	1	0	0.729843	0	1	1	0	1	0.270156	1	1	
174	0.999999	1	0	0.729843	0	1	1	0	1	0.270156	1	1	
175	0.999999	1	0	0.729843	0	1	1	0	1	0.270156	1	1	
176	0.999999	1	0	0.729843	0	1	1	0	1	0.270156	1	1	
177	0.999999	1	0	0.729843	0	1	1	0	1	0.270156	1	1	
178	0.999999	1	0	0.729843	0	1	1	0	1	0.270156	1	1	
179	0.999999	1	0	0.729843	0	1	1	0	1	0.270156	1	1	
180	0.999999	1	0	0.729843	0	1	1	0	1	0.270156	1	1	
181	0.999999	1	0	0.729843	0	1	1	0	1	0.270156	1	1	
182	0.999999	1	0	0.729843	0	1	1	0	1	0.270156	1	1	
183	0.999999	1	0	0.729843	0	1	1	0	1	0.270156	1	1	
184	1	1	0	0.729843	0	1	1	0	1	0.270156	1	1	
185	1	1	0	0.729843	0	1	1	0	1	0.270156	1	1	
186	1	1	0	0.729843	0	1	1	0	1	0.270156	1	1	
187	1	1	0	0.729843	0	1	1	0	1	0.270156	1	1	
188	1	1	0	0.729843	0	1	1	0	1	0.270156	1	1	
189	1	1	0	0.729843	0	1	1	0	1	0.270156	1	1	
190	1	1	0	0.729844	0	1	1	0	1	0.270156	1	1	
191	1	1	0	0.729844	0	1	1	0	1	0.270156	1	1	
192	1	1	0	0.729844	0	1	1	0	1	0.270156	1	1	
193	1	1	0	0.729844	0	1	1	0	1	0.270156	1	1	
194	1	1	0	0.729844	0	1	1	0	1	0.270156	1	1	
195	1	1	0	0.729844	0	1	1	0	1	0.270156	1	1	
196	1	1	0	0.729844	0	1	1	0	1	0.270156	1	1	
197	1	1	0	0.729844	0	1	1	0	1	0.270156	1	1	
198	1	1	0	0.729844	0	1	1	0	1	0.270156	1	1	
199	1	1	0	0.729844	0	1	1	0	1	0.270156	1	1	
200	1	1	0	0.729844	0	1	1	0	1	0.270156	1	1	
