# Time	PAMP	R	R*	E_int	Callose	Path	Path_bulk	PRR*	PRR	E	Compartments[Cell]	Compartments[Apoplast]	
0	0	1	0	0	0	0	0	0	1	0	1	1	
1	0	1	0	0	0	0	0	0	1	0	1	1	
2	0	1	0	0	0	0	0	0	1	0	1	1	
3	0	1	0	0	0	0	0	0	1	0	1	1	
4	0	1	0	0	0	0	0	0	1	0	1	1	
5	0	1	0	0	0	0	0	0	1	0	1	1	
6	0	1	0	0	0	0	0	0	1	0	1	1	
7	0	1	0	0	0	0	0	0	1	0	1	1	
8	0	1	0	0	0	0	0	0	1	0	1	1	
9	0	1	0	0	0	0	0	0	1	0	1	1	
10	0	1	0	0	0	0	0	0	1	0	1	1	
11	0.00453167	0.999969	3.08803e-05	0.00117519	3.77243e-06	0.0951625	1	0.000150944	0.999849	0.00347341	1	1	
12	0.0164824	0.999628	0.000371635	0.00678727	5.46981e-05	0.181267	1	0.00109534	0.998905	0.0103799	1	1	
13	0.0338291	0.998555	0.00144519	0.0170753	0.000251069	0.259158	1	0.00335736	0.996643	0.0185091	1	1	
14	0.0550316	0.996422	0.00357794	0.0310475	0.000719606	0.329576	1	0.00723479	0.992765	0.0272368	1	1	
15	0.0789212	0.993042	0.00695754	0.0476297	0.00159325	0.393155	1	0.012857	0.987143	0.0363725	1	1	
16	0.104614	0.988349	0.0116513	0.0659071	0.00299573	0.450439	1	0.0202299	0.97977	0.0458568	1	1	
17	0.13144	0.982366	0.0176342	0.0851507	0.0050315	0.501891	1	0.0292714	0.970729	0.0556724	1	1	
18	0.158893	0.975185	0.0248153	0.104796	0.00777994	0.54791	1	0.0398389	0.960161	0.0658119	1	1	
19	0.186586	0.96694	0.03306	0.124417	0.0112928	0.588847	1	0.0517511	0.948249	0.0762618	1	1	
20	0.214222	0.957792	0.0422078	0.143698	0.0155941	0.625017	1	0.0648046	0.935195	0.0869947	1	1	
21	0.24157	0.947913	0.0520869	0.162414	0.020682	0.656712	1	0.0787867	0.921213	0.0979651	1	1	
22	0.268447	0.937476	0.0625244	0.180411	0.0265314	0.684208	1	0.0934847	0.906515	0.10911	1	1	
23	0.294705	0.926645	0.0733547	0.197592	0.0330976	0.707773	1	0.108693	0.891307	0.120349	1	1	
24	0.320228	0.915576	0.0844243	0.213901	0.0403201	0.727673	1	0.124219	0.875781	0.131593	1	1	
25	0.344919	0.904405	0.0955952	0.229315	0.0481266	0.744172	1	0.139883	0.860117	0.142742	1	1	
26	0.368698	0.893253	0.106747	0.24383	0.0564362	0.757536	1	0.155526	0.844474	0.153697	1	1	
27	0.391501	0.882225	0.117775	0.257461	0.0651632	0.76803	1	0.171005	0.828995	0.164361	1	1	
28	0.413279	0.871407	0.128593	0.270231	0.0742198	0.775917	1	0.186197	0.813803	0.174645	1	1	
29	0.433992	0.860869	0.139131	0.28217	0.0835186	0.781459	1	0.200999	0.799001	0.184469	1	1	
30	0.453613	0.850667	0.149333	0.293311	0.092975	0.784911	1	0.215324	0.784676	0.193765	1	1	
31	0.472125	0.840846	0.159154	0.303688	0.102508	0.78652	1	0.229102	0.770898	0.202478	1	1	
32	0.48952	0.831436	0.168564	0.313337	0.112044	0.786524	1	0.24228	0.75772	0.210569	1	1	
33	0.5058	0.822461	0.177539	0.322292	0.121512	0.785147	1	0.254819	0.745181	0.218011	1	1	
34	0.520975	0.813933	0.186067	0.330587	0.130853	0.782602	1	0.266692	0.733308	0.224791	1	1	
35	0.535064	0.80586	0.19414	0.338253	0.140012	0.779085	1	0.277884	0.722116	0.230905	1	1	
36	0.54809	0.798243	0.201757	0.345323	0.148941	0.774776	1	0.28839	0.71161	0.236365	1	1	
37	0.560085	0.791079	0.208921	0.351828	0.157603	0.769839	1	0.298214	0.701786	0.241187	1	1	
38	0.571084	0.78436	0.21564	0.357796	0.165964	0.764422	1	0.307364	0.692636	0.245396	1	1	
39	0.581129	0.778075	0.221925	0.363256	0.173999	0.758655	1	0.315858	0.684142	0.249025	1	1	
40	0.590261	0.772212	0.227788	0.368236	0.181689	0.752653	1	0.323715	0.676285	0.25211	1	1	
41	0.598529	0.766756	0.233244	0.372763	0.18902	0.746516	1	0.33096	0.66904	0.254689	1	1	
42	0.605979	0.761692	0.238308	0.376863	0.195983	0.740331	1	0.33762	0.66238	0.256803	1	1	
43	0.612662	0.757002	0.242998	0.380562	0.202575	0.734168	1	0.343724	0.656276	0.258496	1	1	
44	0.618627	0.752668	0.247332	0.383885	0.208795	0.72809	1	0.349301	0.650699	0.259808	1	1	
45	0.623923	0.748674	0.251326	0.386856	0.214647	0.722145	1	0.354382	0.645618	0.260781	1	1	
46	0.6286	0.745002	0.254998	0.3895	0.220137	0.716373	1	0.358998	0.641002	0.261455	1	1	
47	0.632706	0.741633	0.258367	0.391838	0.225274	0.710805	1	0.363179	0.636821	0.261867	1	1	
48	0.636287	0.738549	0.261451	0.393894	0.230068	0.705464	1	0.366956	0.633044	0.262053	1	1	
49	0.639388	0.735735	0.264265	0.395688	0.234531	0.700367	1	0.370357	0.629643	0.262046	1	1	
50	0.642051	0.733173	0.266827	0.397241	0.238677	0.695525	1	0.373411	0.626589	0.261877	1	1	
51	0.644317	0.730846	0.269154	0.398574	0.24252	0.690945	1	0.376144	0.623856	0.261573	1	1	
52	0.646225	0.728739	0.271261	0.399705	0.246075	0.686628	1	0.378583	0.621417	0.261159	1	1	
53	0.647811	0.726837	0.273163	0.400651	0.249355	0.682575	1	0.380751	0.619249	0.260658	1	1	
54	0.649108	0.725125	0.274875	0.401431	0.252378	0.67878	1	0.382671	0.617329	0.260089	1	1	
55	0.650147	0.72359	0.27641	0.402059	0.255157	0.675239	1	0.384366	0.615634	0.25947	1	1	
56	0.650958	0.722218	0.277782	0.402552	0.257707	0.671943	1	0.385855	0.614145	0.258816	1	1	
57	0.651567	0.720996	0.279004	0.402924	0.260043	0.668883	1	0.387158	0.612842	0.258139	1	1	
58	0.651999	0.719913	0.280087	0.403187	0.262179	0.666051	1	0.388291	0.611709	0.257452	1	1	
59	0.652276	0.718958	0.281042	0.403354	0.264128	0.663434	1	0.389271	0.610729	0.256763	1	1	
60	0.652419	0.718119	0.281881	0.403437	0.265904	0.661023	1	0.390114	0.609886	0.256081	1	1	
61	0.652446	0.717388	0.282612	0.403446	0.267519	0.658806	1	0.390833	0.609167	0.255411	1	1	
62	0.652373	0.716753	0.283247	0.403391	0.268985	0.656772	1	0.391441	0.608559	0.254758	1	1	
63	0.652217	0.716208	0.283792	0.403281	0.270313	0.65491	1	0.39195	0.60805	0.254128	1	1	
64	0.65199	0.715743	0.284257	0.403123	0.271514	0.653209	1	0.392371	0.607629	0.253522	1	1	
65	0.651705	0.71535	0.28465	0.402926	0.272597	0.651658	1	0.392713	0.607287	0.252943	1	1	
66	0.651372	0.715024	0.284976	0.402695	0.273573	0.650247	1	0.392985	0.607015	0.252393	1	1	
67	0.651002	0.714756	0.285244	0.402438	0.274449	0.648966	1	0.393197	0.606803	0.251873	1	1	
68	0.650601	0.714542	0.285458	0.402159	0.275235	0.647806	1	0.393354	0.606646	0.251383	1	1	
69	0.650179	0.714374	0.285626	0.401862	0.275938	0.646758	1	0.393465	0.606535	0.250923	1	1	
70	0.649741	0.714249	0.285751	0.401554	0.276565	0.645813	1	0.393535	0.606465	0.250493	1	1	
71	0.649293	0.714161	0.285839	0.401236	0.277123	0.644963	1	0.393569	0.606431	0.250092	1	1	
72	0.64884	0.714106	0.285894	0.400913	0.277618	0.6442	1	0.393573	0.606427	0.24972	1	1	
73	0.648386	0.71408	0.28592	0.400587	0.278056	0.643517	1	0.393551	0.606449	0.249375	1	1	
74	0.647935	0.714079	0.285921	0.400261	0.278442	0.642909	1	0.393507	0.606493	0.249057	1	1	
75	0.647489	0.714099	0.285901	0.399937	0.27878	0.642367	1	0.393444	0.606556	0.248764	1	1	
76	0.647052	0.714139	0.285861	0.399617	0.279077	0.641887	1	0.393367	0.606633	0.248495	1	1	
77	0.646626	0.714194	0.285806	0.399303	0.279335	0.641463	1	0.393277	0.606723	0.248249	1	1	
78	0.646211	0.714263	0.285737	0.398995	0.279559	0.641089	1	0.393177	0.606823	0.248025	1	1	
79	0.64581	0.714343	0.285657	0.398695	0.279751	0.640762	1	0.393069	0.606931	0.247821	1	1	
80	0.645423	0.714433	0.285567	0.398404	0.279916	0.640477	1	0.392956	0.607044	0.247635	1	1	
81	0.645052	0.71453	0.28547	0.398123	0.280056	0.64023	1	0.392839	0.607161	0.247467	1	1	
82	0.644697	0.714632	0.285368	0.397851	0.280174	0.640017	1	0.392719	0.607281	0.247316	1	1	
83	0.644357	0.714739	0.285261	0.39759	0.280272	0.639834	1	0.392598	0.607402	0.24718	1	1	
84	0.644035	0.714849	0.285151	0.397339	0.280353	0.639679	1	0.392476	0.607524	0.247058	1	1	
85	0.643728	0.714962	0.285038	0.397099	0.280419	0.639549	1	0.392356	0.607644	0.246949	1	1	
86	0.643438	0.715075	0.284925	0.39687	0.28047	0.639441	1	0.392237	0.607763	0.246852	1	1	
87	0.643165	0.715188	0.284812	0.396652	0.28051	0.639353	1	0.39212	0.60788	0.246766	1	1	
88	0.642907	0.715301	0.284699	0.396445	0.28054	0.639282	1	0.392006	0.607994	0.246691	1	1	
89	0.642664	0.715412	0.284588	0.396248	0.28056	0.639226	1	0.391896	0.608104	0.246624	1	1	
90	0.642437	0.715522	0.284478	0.396061	0.280573	0.639184	1	0.391789	0.608211	0.246566	1	1	
91	0.642224	0.71563	0.28437	0.395885	0.280579	0.639154	1	0.391686	0.608314	0.246515	1	1	
92	0.642025	0.715735	0.284265	0.395718	0.280579	0.639135	1	0.391587	0.608413	0.246472	1	1	
93	0.64184	0.715837	0.284163	0.395561	0.280575	0.639125	1	0.391492	0.608508	0.246435	1	1	
94	0.641667	0.715936	0.284064	0.395414	0.280566	0.639122	1	0.391401	0.608599	0.246403	1	1	
95	0.641507	0.716031	0.283969	0.395275	0.280554	0.639126	1	0.391315	0.608685	0.246377	1	1	
96	0.641359	0.716124	0.283876	0.395144	0.280539	0.639136	1	0.391233	0.608767	0.246355	1	1	
97	0.641221	0.716212	0.283788	0.395022	0.280522	0.639151	1	0.391156	0.608844	0.246338	1	1	
98	0.641095	0.716297	0.283703	0.394908	0.280504	0.63917	1	0.391083	0.608917	0.246324	1	1	
99	0.640978	0.716378	0.283622	0.394801	0.280484	0.639192	1	0.391014	0.608986	0.246313	1	1	
100	0.640871	0.716456	0.283544	0.394701	0.280463	0.639217	1	0.390949	0.609051	0.246305	1	1	
101	0.640772	0.71653	0.28347	0.394607	0.280441	0.639244	1	0.390889	0.609111	0.2463	1	1	
102	0.640682	0.716601	0.283399	0.39452	0.28042	0.639273	1	0.390832	0.609168	0.246297	1	1	
103	0.6406	0.716667	0.283333	0.394439	0.280398	0.639302	1	0.390779	0.609221	0.246296	1	1	
104	0.640525	0.716731	0.283269	0.394364	0.280376	0.639333	1	0.39073	0.60927	0.246296	1	1	
105	0.640457	0.716791	0.283209	0.394294	0.280354	0.639364	1	0.390684	0.609316	0.246299	1	1	
106	0.640395	0.716847	0.283153	0.394229	0.280333	0.639396	1	0.390641	0.609359	0.246302	1	1	
107	0.640339	0.716901	0.283099	0.394169	0.280313	0.639427	1	0.390601	0.609399	0.246306	1	1	
108	0.640288	0.716951	0.283049	0.394114	0.280293	0.639458	1	0.390565	0.609435	0.246312	1	1	
109	0.640243	0.716999	0.283001	0.394062	0.280274	0.639489	1	0.390531	0.609469	0.246318	1	1	
110	0.640202	0.717043	0.282957	0.394014	0.280255	0.639519	1	0.3905	0.6095	0.246324	1	1	
111	0.640165	0.717085	0.282915	0.39397	0.280238	0.639548	1	0.390472	0.609528	0.246331	1	1	
112	0.640133	0.717124	0.282876	0.39393	0.280221	0.639576	1	0.390446	0.609554	0.246339	1	1	
113	0.640104	0.717161	0.282839	0.393892	0.280205	0.639604	1	0.390422	0.609578	0.246347	1	1	
114	0.640078	0.717195	0.282805	0.393858	0.28019	0.639631	1	0.3904	0.6096	0.246355	1	1	
115	0.640056	0.717227	0.282773	0.393826	0.280176	0.639656	1	0.39038	0.60962	0.246363	1	1	
116	0.640036	0.717257	0.282743	0.393797	0.280163	0.639681	1	0.390362	0.609638	0.246371	1	1	
117	0.640019	0.717285	0.282715	0.39377	0.28015	0.639704	1	0.390346	0.609654	0.246379	1	1	
118	0.640004	0.717311	0.282689	0.393746	0.280139	0.639726	1	0.390331	0.609669	0.246387	1	1	
119	0.639992	0.717335	0.282665	0.393723	0.280128	0.639748	1	0.390318	0.609682	0.246395	1	1	
120	0.639981	0.717358	0.282642	0.393702	0.280118	0.639768	1	0.390306	0.609694	0.246403	1	1	
121	0.639972	0.717379	0.282621	0.393683	0.280109	0.639787	1	0.390295	0.609705	0.246411	1	1	
122	0.639964	0.717398	0.282602	0.393666	0.280101	0.639805	1	0.390285	0.609715	0.246418	1	1	
123	0.639958	0.717416	0.282584	0.39365	0.280093	0.639822	1	0.390277	0.609723	0.246425	1	1	
124	0.639953	0.717433	0.282567	0.393636	0.280086	0.639838	1	0.390269	0.609731	0.246432	1	1	
125	0.639949	0.717448	0.282552	0.393622	0.280079	0.639853	1	0.390263	0.609737	0.246439	1	1	
126	0.639946	0.717462	0.282538	0.39361	0.280073	0.639867	1	0.390257	0.609743	0.246446	1	1	
127	0.639944	0.717476	0.282524	0.393599	0.280068	0.63988	1	0.390252	0.609748	0.246452	1	1	
128	0.639943	0.717488	0.282512	0.393589	0.280063	0.639893	1	0.390247	0.609753	0.246458	1	1	
129	0.639942	0.717499	0.282501	0.39358	0.280059	0.639904	1	0.390244	0.609756	0.246464	1	1	
130	0.639942	0.717509	0.282491	0.393571	0.280055	0.639915	1	0.39024	0.60976	0.246469	1	1	
131	0.639943	0.717519	0.282481	0.393564	0.280052	0.639925	1	0.390238	0.609762	0.246475	1	1	
132	0.639944	0.717528	0.282472	0.393557	0.280049	0.639934	1	0.390235	0.609765	0.24648	1	1	
133	0.639945	0.717536	0.282464	0.39355	0.280046	0.639943	1	0.390234	0.609766	0.246484	1	1	
134	0.639946	0.717543	0.282457	0.393545	0.280044	0.639951	1	0.390232	0.609768	0.246489	1	1	
135	0.639948	0.71755	0.28245	0.393539	0.280042	0.639958	1	0.390231	0.609769	0.246493	1	1	
136	0.63995	0.717556	0.282444	0.393534	0.28004	0.639965	1	0.39023	0.60977	0.246497	1	1	
137	0.639953	0.717562	0.282438	0.39353	0.280039	0.639971	1	0.390229	0.609771	0.246501	1	1	
138	0.639955	0.717568	0.282432	0.393526	0.280037	0.639977	1	0.390229	0.609771	0.246505	1	1	
139	0.639958	0.717572	0.282428	0.393522	0.280037	0.639982	1	0.390229	0.609771	0.246508	1	1	
140	0.63996	0.717577	0.282423	0.393519	0.280036	0.639987	1	0.390229	0.609771	0.246512	1	1	
141	0.639963	0.717581	0.282419	0.393516	0.280035	0.639992	1	0.390229	0.609771	0.246515	1	1	
142	0.639966	0.717585	0.282415	0.393513	0.280035	0.639996	1	0.390229	0.609771	0.246517	1	1	
143	0.639968	0.717588	0.282412	0.393511	0.280035	0.639999	1	0.39023	0.60977	0.24652	1	1	
144	0.639971	0.717591	0.282409	0.393508	0.280035	0.640003	1	0.39023	0.60977	0.246523	1	1	
145	0.639974	0.717594	0.282406	0.393506	0.280035	0.640006	1	0.390231	0.609769	0.246525	1	1	
146	0.639976	0.717597	0.282403	0.393504	0.280035	0.640009	1	0.390231	0.609769	0.246527	1	1	
147	0.639979	0.717599	0.282401	0.393503	0.280035	0.640011	1	0.390232	0.609768	0.246529	1	1	
148	0.639981	0.717602	0.282398	0.393501	0.280035	0.640013	1	0.390233	0.609767	0.246531	1	1	
149	0.639984	0.717604	0.282396	0.393499	0.280036	0.640015	1	0.390233	0.609767	0.246533	1	1	
150	0.639986	0.717606	0.282394	0.393498	0.280036	0.640017	1	0.390234	0.609766	0.246535	1	1	
151	0.639988	0.717607	0.282393	0.393497	0.280036	0.640019	1	0.390235	0.609765	0.246536	1	1	
152	0.639991	0.717609	0.282391	0.393496	0.280037	0.64002	1	0.390236	0.609764	0.246538	1	1	
153	0.639993	0.71761	0.28239	0.393494	0.280037	0.640022	1	0.390236	0.609764	0.246539	1	1	
154	0.639995	0.717612	0.282388	0.393493	0.280038	0.640023	1	0.390237	0.609763	0.24654	1	1	
155	0.639997	0.717613	0.282387	0.393492	0.280039	0.640024	1	0.390238	0.609762	0.246541	1	1	
156	0.639999	0.717614	0.282386	0.393492	0.280039	0.640025	1	0.390239	0.609761	0.246542	1	1	
157	0.640001	0.717615	0.282385	0.393491	0.28004	0.640026	1	0.39024	0.60976	0.246543	1	1	
158	0.640002	0.717616	0.282384	0.39349	0.280041	0.640027	1	0.39024	0.60976	0.246544	1	1	
159	0.640004	0.717617	0.282383	0.393489	0.280041	0.640027	1	0.390241	0.609759	0.246545	1	1	
160	0.640006	0.717618	0.282382	0.393489	0.280042	0.640028	1	0.390242	0.609758	0.246546	1	1	
161	0.640007	0.717619	0.282381	0.393488	0.280043	0.640028	1	0.390242	0.609758	0.246547	1	1	
162	0.640008	0.717619	0.282381	0.393487	0.280043	0.640029	1	0.390243	0.609757	0.246547	1	1	
163	0.64001	0.71762	0.28238	0.393487	0.280044	0.640029	1	0.390244	0.609756	0.246548	1	1	
164	0.640011	0.717621	0.282379	0.393486	0.280044	0.640029	1	0.390244	0.609756	0.246549	1	1	
165	0.640012	0.717621	0.282379	0.393486	0.280045	0.64003	1	0.390245	0.609755	0.246549	1	1	
166	0.640013	0.717622	0.282378	0.393485	0.280046	0.64003	1	0.390245	0.609755	0.24655	1	1	
167	0.640014	0.717622	0.282378	0.393485	0.280046	0.64003	1	0.390246	0.609754	0.24655	1	1	
168	0.640015	0.717623	0.282377	0.393484	0.280047	0.64003	1	0.390247	0.609753	0.246551	1	1	
169	0.640016	0.717623	0.282377	0.393484	0.280047	0.64003	1	0.390247	0.609753	0.246551	1	1	
170	0.640017	0.717623	0.282377	0.393483	0.280048	0.64003	1	0.390248	0.609752	0.246551	1	1	
171	0.640018	0.717624	0.282376	0.393483	0.280049	0.64003	1	0.390248	0.609752	0.246552	1	1	
172	0.640019	0.717624	0.282376	0.393483	0.280049	0.64003	1	0.390248	0.609752	0.246552	1	1	
173	0.64002	0.717624	0.282376	0.393482	0.28005	0.640031	1	0.390249	0.609751	0.246552	1	1	
174	0.64002	0.717625	0.282375	0.393482	0.28005	0.640031	1	0.390249	0.609751	0.246553	1	1	
175	0.640021	0.717625	0.282375	0.393481	0.28005	0.640031	1	0.39025	0.60975	0.246553	1	1	
176	0.640022	0.717625	0.282375	0.393481	0.280051	0.640031	1	0.39025	0.60975	0.246553	1	1	
177	0.640022	0.717626	0.282374	0.393481	0.280051	0.640031	1	0.39025	0.60975	0.246553	1	1	
178	0.640023	0.717626	0.282374	0.393481	0.280052	0.64003	1	0.390251	0.609749	0.246554	1	1	
179	0.640023	0.717626	0.282374	0.39348	0.280052	0.64003	1	0.390251	0.609749	0.246554	1	1	
180	0.640024	0.717626	0.282374	0.39348	0.280052	0.64003	1	0.390251	0.609749	0.246554	1	1	
181	0.640024	0.717626	0.282374	0.39348	0.280053	0.64003	1	0.390251	0.609749	0.246554	1	1	
182	0.640024	0.717627	0.282373	0.393479	0.280053	0.64003	1	0.390252	0.609748	0.246554	1	1	
183	0.640025	0.717627	0.282373	0.393479	0.280054	0.64003	1	0.390252	0.609748	0.246554	1	1	
184	0.640025	0.717627	0.282373	0.393479	0.280054	0.64003	1	0.390252	0.609748	0.246554	1	1	
185	0.640025	0.717627	0.282373	0.393479	0.280054	0.64003	1	0.390252	0.609748	0.246555	1	1	
186	0.640026	0.717627	0.282373	0.393478	0.280054	0.64003	1	0.390252	0.609748	0.246555	1	1	
187	0.640026	0.717628	0.282372	0.393478	0.280055	0.64003	1	0.390253	0.609747	0.246555	1	1	
188	0.640026	0.717628	0.282372	0.393478	0.280055	0.64003	1	0.390253	0.609747	0.246555	1	1	
189	0.640026	0.717628	0.282372	0.393478	0.280055	0.64003	1	0.390253	0.609747	0.246555	1	1	
190	0.640027	0.717628	0.282372	0.393478	0.280055	0.64003	1	0.390253	0.609747	0.246555	1	1	
191	0.640027	0.717628	0.282372	0.393477	0.280056	0.64003	1	0.390253	0.609747	0.246555	1	1	
192	0.640027	0.717628	0.282372	0.393477	0.280056	0.64003	1	0.390253	0.609747	0.246555	1	1	
193	0.640027	0.717628	0.282372	0.393477	0.280056	0.64003	1	0.390253	0.609747	0.246555	1	1	
194	0.640027	0.717629	0.282371	0.393477	0.280056	0.64003	1	0.390253	0.609747	0.246555	1	1	
195	0.640028	0.717629	0.282371	0.393477	0.280056	0.64003	1	0.390254	0.609746	0.246555	1	1	
196	0.640028	0.717629	0.282371	0.393477	0.280056	0.64003	1	0.390254	0.609746	0.246555	1	1	
197	0.640028	0.717629	0.282371	0.393476	0.280057	0.64003	1	0.390254	0.609746	0.246555	1	1	
198	0.640028	0.717629	0.282371	0.393476	0.280057	0.64003	1	0.390254	0.609746	0.246555	1	1	
199	0.640028	0.717629	0.282371	0.393476	0.280057	0.64003	1	0.390254	0.609746	0.246556	1	1	
200	0.640028	0.717629	0.282371	0.393476	0.280057	0.64003	1	0.390254	0.609746	0.246556	1	1	
