# Time	PAMP	R	R*	E_int	Callose	Path	Path_bulk	PRR*	PRR	E	Compartments[Cell]	Compartments[Apoplast]	
0	0	1	0	0	0	0	0	0	1	0	1	1	
1	0	1	0	0	0	0	0	0	1	0	1	1	
2	0	1	0	0	0	0	0	0	1	0	1	1	
3	0	1	0	0	0	0	0	0	1	0	1	1	
4	0	1	0	0	0	0	0	0	1	0	1	1	
5	0	1	0	0	0	0	0	0	1	0	1	1	
6	0	1	0	0	0	0	0	0	1	0	1	1	
7	0	1	0	0	0	0	0	0	1	0	1	1	
8	0	1	0	0	0	0	0	0	1	0	1	1	
9	0	1	0	0	0	0	0	0	1	0	1	1	
10	0	1	0	0	0	0	0	0	1	0	1	1	
11	0.00453167	1	0	0.00120543	3.77249e-06	0.0951626	1	0.000150944	0.999849	0.00347341	1	1	
12	0.0164825	1	0	0.00714311	5.47081e-05	0.181269	1	0.00109534	0.998905	0.01038	1	1	
13	0.03383	1	0	0.0184264	0.000251248	0.259178	1	0.0033574	0.996643	0.0185098	1	1	
14	0.0550368	1	0	0.0343101	0.000720881	0.329664	1	0.00723507	0.992765	0.0272409	1	1	
15	0.0789405	1	0	0.0538124	0.00159879	0.393415	1	0.0128583	0.987142	0.0363876	1	1	
16	0.104668	1	0	0.0759893	0.0030134	0.451047	1	0.0202343	0.979766	0.0458997	1	1	
17	0.131567	1	0	0.0999992	0.00507715	0.503104	1	0.0292834	0.970717	0.0557738	1	1	
18	0.159151	1	0	0.125114	0.00788113	0.550066	1	0.0398667	0.960133	0.066022	1	1	
19	0.187059	1	0	0.150719	0.0114926	0.592357	1	0.0518081	0.948192	0.0766556	1	1	
20	0.215021	1	0	0.176301	0.0159546	0.63035	1	0.0649109	0.935089	0.0876762	1	1	
21	0.242836	1	0	0.201449	0.0212867	0.664379	1	0.07897	0.92103	0.0990702	1	1	
22	0.270347	1	0	0.225835	0.0274873	0.694739	1	0.0937815	0.906219	0.110807	1	1	
23	0.297436	1	0	0.249211	0.0345358	0.721696	1	0.109149	0.890851	0.122838	1	1	
24	0.324006	1	0	0.271397	0.0423952	0.745492	1	0.124887	0.875113	0.1351	1	1	
25	0.349978	1	0	0.29227	0.0510154	0.766348	1	0.140826	0.859174	0.147518	1	1	
26	0.375286	1	0	0.311754	0.0603355	0.78447	1	0.156812	0.843188	0.160009	1	1	
27	0.399872	1	0	0.329811	0.0702866	0.80005	1	0.172708	0.827292	0.172483	1	1	
28	0.423685	1	0	0.346434	0.0807942	0.813272	1	0.188395	0.811605	0.184852	1	1	
29	0.446681	1	0	0.361643	0.0917804	0.824311	1	0.20377	0.79623	0.197029	1	1	
30	0.468821	1	0	0.37547	0.103166	0.833334	1	0.218747	0.781253	0.208932	1	1	
31	0.490069	1	0	0.387966	0.11487	0.840503	1	0.233253	0.766747	0.220486	1	1	
32	0.510398	1	0	0.399188	0.126816	0.845975	1	0.247231	0.752769	0.231625	1	1	
33	0.529782	1	0	0.409199	0.138929	0.849901	1	0.260636	0.739364	0.24229	1	1	
34	0.548203	1	0	0.418069	0.151135	0.852428	1	0.273435	0.726565	0.252434	1	1	
35	0.565649	1	0	0.425867	0.163367	0.853695	1	0.285604	0.714396	0.262019	1	1	
36	0.582112	1	0	0.432663	0.175562	0.853839	1	0.29713	0.70287	0.271018	1	1	
37	0.597591	1	0	0.438526	0.187662	0.852989	1	0.308007	0.691993	0.27941	1	1	
38	0.61209	1	0	0.443525	0.199614	0.851267	1	0.318236	0.681764	0.287187	1	1	
39	0.625618	1	0	0.447725	0.211371	0.848788	1	0.327823	0.672177	0.294345	1	1	
40	0.638189	1	0	0.45119	0.222892	0.845662	1	0.336781	0.663219	0.300889	1	1	
41	0.649824	1	0	0.453979	0.234138	0.84199	1	0.345125	0.654875	0.306831	1	1	
42	0.660545	1	0	0.456152	0.245079	0.837866	1	0.352874	0.647126	0.312187	1	1	
43	0.670381	1	0	0.457762	0.255689	0.833376	1	0.360049	0.639951	0.316979	1	1	
44	0.679363	1	0	0.458862	0.265945	0.828599	1	0.366674	0.633326	0.32123	1	1	
45	0.687523	1	0	0.459499	0.27583	0.823606	1	0.372774	0.627226	0.324969	1	1	
46	0.6949	1	0	0.459719	0.28533	0.818463	1	0.378374	0.621626	0.328225	1	1	
47	0.70153	1	0	0.459566	0.294436	0.813225	1	0.383501	0.616499	0.33103	1	1	
48	0.707454	1	0	0.459079	0.303141	0.807945	1	0.388181	0.611819	0.333415	1	1	
49	0.712712	1	0	0.458296	0.311443	0.802666	1	0.392441	0.607559	0.335413	1	1	
50	0.717344	1	0	0.457251	0.319341	0.797427	1	0.396305	0.603695	0.337056	1	1	
51	0.721392	1	0	0.455977	0.326837	0.792261	1	0.399799	0.600201	0.338376	1	1	
52	0.724895	1	0	0.454505	0.333935	0.787195	1	0.402949	0.597051	0.339404	1	1	
53	0.727895	1	0	0.452862	0.340642	0.782254	1	0.405777	0.594223	0.340168	1	1	
54	0.730429	1	0	0.451073	0.346965	0.777456	1	0.408307	0.591693	0.340698	1	1	
55	0.732536	1	0	0.449163	0.352914	0.772817	1	0.410561	0.589439	0.34102	1	1	
56	0.734252	1	0	0.447154	0.358498	0.768349	1	0.412559	0.587441	0.341159	1	1	
57	0.735613	1	0	0.445065	0.36373	0.76406	1	0.414322	0.585678	0.341139	1	1	
58	0.73665	1	0	0.442915	0.368621	0.759956	1	0.415867	0.584133	0.340981	1	1	
59	0.737397	1	0	0.440722	0.373184	0.756042	1	0.417214	0.582786	0.340706	1	1	
60	0.737883	1	0	0.438499	0.377431	0.75232	1	0.418379	0.581621	0.340332	1	1	
61	0.738136	1	0	0.436261	0.381378	0.748788	1	0.419377	0.580623	0.339874	1	1	
62	0.738182	1	0	0.43402	0.385036	0.745447	1	0.420224	0.579776	0.339349	1	1	
63	0.738045	1	0	0.431788	0.38842	0.742293	1	0.420933	0.579067	0.33877	1	1	
64	0.737749	1	0	0.429575	0.391543	0.739323	1	0.421517	0.578483	0.338149	1	1	
65	0.737315	1	0	0.427388	0.394419	0.736531	1	0.421988	0.578012	0.337496	1	1	
66	0.736761	1	0	0.425237	0.397061	0.733914	1	0.422358	0.577642	0.336822	1	1	
67	0.736106	1	0	0.423127	0.399483	0.731465	1	0.422637	0.577363	0.336133	1	1	
68	0.735365	1	0	0.421065	0.401696	0.729177	1	0.422834	0.577166	0.335439	1	1	
69	0.734554	1	0	0.419055	0.403714	0.727046	1	0.422959	0.577041	0.334743	1	1	
70	0.733686	1	0	0.417102	0.405549	0.725062	1	0.423019	0.576981	0.334053	1	1	
71	0.732773	1	0	0.41521	0.407212	0.723221	1	0.423022	0.576978	0.333372	1	1	
72	0.731825	1	0	0.41338	0.408715	0.721515	1	0.422975	0.577025	0.332705	1	1	
73	0.730852	1	0	0.411616	0.410068	0.719937	1	0.422885	0.577115	0.332054	1	1	
74	0.729864	1	0	0.409919	0.411282	0.718481	1	0.422757	0.577243	0.331421	1	1	
75	0.728868	1	0	0.408289	0.412366	0.717139	1	0.422597	0.577403	0.330809	1	1	
76	0.72787	1	0	0.406729	0.413331	0.715906	1	0.422409	0.577591	0.33022	1	1	
77	0.726877	1	0	0.405237	0.414185	0.714775	1	0.422199	0.577801	0.329654	1	1	
78	0.725893	1	0	0.403813	0.414936	0.713739	1	0.421969	0.578031	0.329112	1	1	
79	0.724924	1	0	0.402458	0.415594	0.712794	1	0.421724	0.578276	0.328595	1	1	
80	0.723972	1	0	0.40117	0.416165	0.711932	1	0.421467	0.578533	0.328103	1	1	
81	0.723042	1	0	0.399949	0.416657	0.711149	1	0.4212	0.5788	0.327636	1	1	
82	0.722135	1	0	0.398792	0.417076	0.71044	1	0.420927	0.579073	0.327194	1	1	
83	0.721255	1	0	0.397699	0.417429	0.709798	1	0.420649	0.579351	0.326776	1	1	
84	0.720402	1	0	0.396668	0.417722	0.70922	1	0.420369	0.579631	0.326382	1	1	
85	0.719579	1	0	0.395697	0.41796	0.708701	1	0.420089	0.579911	0.326011	1	1	
86	0.718787	1	0	0.394784	0.418149	0.708237	1	0.41981	0.58019	0.325663	1	1	
87	0.718025	1	0	0.393928	0.418294	0.707823	1	0.419534	0.580466	0.325337	1	1	
88	0.717295	1	0	0.393126	0.418399	0.707455	1	0.419262	0.580738	0.325032	1	1	
89	0.716598	1	0	0.392376	0.418468	0.707131	1	0.418994	0.581006	0.324748	1	1	
90	0.715932	1	0	0.391676	0.418506	0.706846	1	0.418733	0.581267	0.324483	1	1	
91	0.715297	1	0	0.391024	0.418515	0.706597	1	0.418478	0.581522	0.324236	1	1	
92	0.714695	1	0	0.390418	0.418499	0.706381	1	0.41823	0.58177	0.324007	1	1	
93	0.714123	1	0	0.389855	0.418462	0.706196	1	0.41799	0.58201	0.323795	1	1	
94	0.713582	1	0	0.389334	0.418406	0.706038	1	0.417757	0.582243	0.3236	1	1	
95	0.71307	1	0	0.388852	0.418333	0.705905	1	0.417534	0.582466	0.323419	1	1	
96	0.712587	1	0	0.388407	0.418247	0.705795	1	0.417319	0.582681	0.323252	1	1	
97	0.712133	1	0	0.387997	0.418148	0.705706	1	0.417112	0.582888	0.323099	1	1	
98	0.711705	1	0	0.387621	0.41804	0.705635	1	0.416915	0.583085	0.322959	1	1	
99	0.711304	1	0	0.387276	0.417924	0.705582	1	0.416726	0.583274	0.322831	1	1	
100	0.710929	1	0	0.386961	0.417801	0.705543	1	0.416547	0.583453	0.322713	1	1	
101	0.710577	1	0	0.386673	0.417673	0.705517	1	0.416376	0.583624	0.322607	1	1	
102	0.710249	1	0	0.386411	0.417542	0.705504	1	0.416214	0.583786	0.32251	1	1	
103	0.709944	1	0	0.386173	0.417408	0.705501	1	0.41606	0.58394	0.322422	1	1	
104	0.709659	1	0	0.385959	0.417273	0.705507	1	0.415914	0.584086	0.322343	1	1	
105	0.709395	1	0	0.385765	0.417137	0.705521	1	0.415777	0.584223	0.322271	1	1	
106	0.709151	1	0	0.38559	0.417001	0.705542	1	0.415648	0.584352	0.322207	1	1	
107	0.708924	1	0	0.385434	0.416866	0.70557	1	0.415526	0.584474	0.32215	1	1	
108	0.708715	1	0	0.385295	0.416733	0.705602	1	0.415412	0.584588	0.322099	1	1	
109	0.708523	1	0	0.385172	0.416602	0.705639	1	0.415305	0.584695	0.322053	1	1	
110	0.708345	1	0	0.385063	0.416474	0.70568	1	0.415205	0.584795	0.322013	1	1	
111	0.708183	1	0	0.384967	0.416349	0.705724	1	0.415111	0.584889	0.321978	1	1	
112	0.708034	1	0	0.384884	0.416227	0.70577	1	0.415024	0.584976	0.321948	1	1	
113	0.707898	1	0	0.384811	0.416108	0.705818	1	0.414943	0.585057	0.321921	1	1	
114	0.707774	1	0	0.384749	0.415994	0.705867	1	0.414868	0.585132	0.321899	1	1	
115	0.707661	1	0	0.384696	0.415883	0.705917	1	0.414798	0.585202	0.32188	1	1	
116	0.707559	1	0	0.384652	0.415777	0.705967	1	0.414733	0.585267	0.321863	1	1	
117	0.707467	1	0	0.384616	0.415674	0.706018	1	0.414673	0.585327	0.32185	1	1	
118	0.707384	1	0	0.384586	0.415576	0.706069	1	0.414618	0.585382	0.32184	1	1	
119	0.70731	1	0	0.384563	0.415483	0.706119	1	0.414567	0.585433	0.321831	1	1	
120	0.707243	1	0	0.384546	0.415393	0.706169	1	0.414521	0.585479	0.321825	1	1	
121	0.707184	1	0	0.384533	0.415308	0.706218	1	0.414478	0.585522	0.32182	1	1	
122	0.707131	1	0	0.384526	0.415227	0.706266	1	0.414439	0.585561	0.321818	1	1	
123	0.707085	1	0	0.384522	0.415151	0.706313	1	0.414404	0.585596	0.321816	1	1	
124	0.707044	1	0	0.384522	0.415078	0.706358	1	0.414372	0.585628	0.321816	1	1	
125	0.707009	1	0	0.384525	0.415009	0.706402	1	0.414343	0.585657	0.321817	1	1	
126	0.706978	1	0	0.38453	0.414945	0.706445	1	0.414316	0.585684	0.321819	1	1	
127	0.706952	1	0	0.384538	0.414884	0.706486	1	0.414292	0.585708	0.321822	1	1	
128	0.70693	1	0	0.384549	0.414826	0.706526	1	0.414271	0.585729	0.321826	1	1	
129	0.706911	1	0	0.384561	0.414772	0.706564	1	0.414252	0.585748	0.32183	1	1	
130	0.706896	1	0	0.384574	0.414722	0.7066	1	0.414235	0.585765	0.321835	1	1	
131	0.706884	1	0	0.384589	0.414675	0.706635	1	0.41422	0.58578	0.321841	1	1	
132	0.706875	1	0	0.384604	0.414631	0.706669	1	0.414207	0.585793	0.321846	1	1	
133	0.706868	1	0	0.38462	0.41459	0.7067	1	0.414195	0.585805	0.321852	1	1	
134	0.706863	1	0	0.384637	0.414552	0.70673	1	0.414185	0.585815	0.321858	1	1	
135	0.70686	1	0	0.384655	0.414517	0.706759	1	0.414176	0.585824	0.321865	1	1	
136	0.706859	1	0	0.384672	0.414484	0.706786	1	0.414169	0.585831	0.321871	1	1	
137	0.706859	1	0	0.38469	0.414454	0.706811	1	0.414162	0.585838	0.321878	1	1	
138	0.706861	1	0	0.384708	0.414426	0.706836	1	0.414157	0.585843	0.321884	1	1	
139	0.706864	1	0	0.384726	0.4144	0.706858	1	0.414153	0.585847	0.321891	1	1	
140	0.706867	1	0	0.384743	0.414376	0.70688	1	0.414149	0.585851	0.321897	1	1	
141	0.706872	1	0	0.384761	0.414354	0.7069	1	0.414147	0.585853	0.321903	1	1	
142	0.706877	1	0	0.384778	0.414335	0.706918	1	0.414145	0.585855	0.32191	1	1	
143	0.706883	1	0	0.384795	0.414316	0.706936	1	0.414143	0.585857	0.321916	1	1	
144	0.70689	1	0	0.384811	0.4143	0.706952	1	0.414143	0.585857	0.321922	1	1	
145	0.706897	1	0	0.384827	0.414285	0.706967	1	0.414142	0.585858	0.321928	1	1	
146	0.706904	1	0	0.384842	0.414271	0.706981	1	0.414142	0.585858	0.321933	1	1	
147	0.706912	1	0	0.384857	0.414259	0.706995	1	0.414143	0.585857	0.321939	1	1	
148	0.70692	1	0	0.384871	0.414248	0.707007	1	0.414144	0.585856	0.321944	1	1	
149	0.706927	1	0	0.384885	0.414238	0.707018	1	0.414145	0.585855	0.321949	1	1	
150	0.706935	1	0	0.384898	0.414229	0.707028	1	0.414146	0.585854	0.321954	1	1	
151	0.706943	1	0	0.384911	0.414221	0.707038	1	0.414148	0.585852	0.321958	1	1	
152	0.706951	1	0	0.384923	0.414215	0.707047	1	0.414149	0.585851	0.321963	1	1	
153	0.706959	1	0	0.384935	0.414208	0.707055	1	0.414151	0.585849	0.321967	1	1	
154	0.706966	1	0	0.384946	0.414203	0.707062	1	0.414153	0.585847	0.321971	1	1	
155	0.706974	1	0	0.384956	0.414198	0.707069	1	0.414155	0.585845	0.321975	1	1	
156	0.706981	1	0	0.384966	0.414194	0.707075	1	0.414158	0.585842	0.321978	1	1	
157	0.706988	1	0	0.384975	0.414191	0.707081	1	0.41416	0.58584	0.321982	1	1	
158	0.706995	1	0	0.384984	0.414188	0.707086	1	0.414162	0.585838	0.321985	1	1	
159	0.707002	1	0	0.384992	0.414186	0.70709	1	0.414164	0.585836	0.321988	1	1	
160	0.707008	1	0	0.385	0.414184	0.707094	1	0.414166	0.585834	0.321991	1	1	
161	0.707014	1	0	0.385007	0.414182	0.707098	1	0.414169	0.585831	0.321993	1	1	
162	0.70702	1	0	0.385014	0.414181	0.707101	1	0.414171	0.585829	0.321996	1	1	
163	0.707026	1	0	0.385021	0.41418	0.707104	1	0.414173	0.585827	0.321998	1	1	
164	0.707032	1	0	0.385027	0.41418	0.707107	1	0.414175	0.585825	0.322	1	1	
165	0.707037	1	0	0.385032	0.414179	0.707109	1	0.414177	0.585823	0.322002	1	1	
166	0.707042	1	0	0.385038	0.414179	0.707111	1	0.414179	0.585821	0.322004	1	1	
167	0.707047	1	0	0.385043	0.414179	0.707113	1	0.414181	0.585819	0.322006	1	1	
168	0.707051	1	0	0.385047	0.41418	0.707114	1	0.414183	0.585817	0.322008	1	1	
169	0.707055	1	0	0.385051	0.41418	0.707115	1	0.414185	0.585815	0.322009	1	1	
170	0.70706	1	0	0.385055	0.414181	0.707116	1	0.414187	0.585813	0.322011	1	1	
171	0.707063	1	0	0.385059	0.414181	0.707117	1	0.414189	0.585811	0.322012	1	1	
172	0.707067	1	0	0.385062	0.414182	0.707118	1	0.41419	0.58581	0.322013	1	1	
173	0.70707	1	0	0.385065	0.414183	0.707119	1	0.414192	0.585808	0.322014	1	1	
174	0.707074	1	0	0.385068	0.414184	0.707119	1	0.414194	0.585806	0.322015	1	1	
175	0.707077	1	0	0.38507	0.414185	0.707119	1	0.414195	0.585805	0.322016	1	1	
176	0.707079	1	0	0.385072	0.414186	0.707119	1	0.414196	0.585804	0.322017	1	1	
177	0.707082	1	0	0.385075	0.414187	0.70712	1	0.414198	0.585802	0.322018	1	1	
178	0.707084	1	0	0.385076	0.414188	0.70712	1	0.414199	0.585801	0.322019	1	1	
179	0.707087	1	0	0.385078	0.414189	0.707119	1	0.4142	0.5858	0.322019	1	1	
180	0.707089	1	0	0.38508	0.41419	0.707119	1	0.414201	0.585799	0.32202	1	1	
181	0.707091	1	0	0.385081	0.414191	0.707119	1	0.414202	0.585798	0.32202	1	1	
182	0.707092	1	0	0.385082	0.414192	0.707119	1	0.414203	0.585797	0.322021	1	1	
183	0.707094	1	0	0.385083	0.414194	0.707119	1	0.414204	0.585796	0.322021	1	1	
184	0.707095	1	0	0.385084	0.414195	0.707118	1	0.414205	0.585795	0.322021	1	1	
185	0.707097	1	0	0.385085	0.414196	0.707118	1	0.414206	0.585794	0.322022	1	1	
186	0.707098	1	0	0.385086	0.414197	0.707118	1	0.414206	0.585794	0.322022	1	1	
187	0.707099	1	0	0.385087	0.414198	0.707117	1	0.414207	0.585793	0.322022	1	1	
188	0.7071	1	0	0.385087	0.414198	0.707117	1	0.414208	0.585792	0.322022	1	1	
189	0.707101	1	0	0.385088	0.414199	0.707117	1	0.414208	0.585792	0.322023	1	1	
190	0.707102	1	0	0.385088	0.4142	0.707116	1	0.414209	0.585791	0.322023	1	1	
191	0.707103	1	0	0.385088	0.414201	0.707116	1	0.414209	0.585791	0.322023	1	1	
192	0.707104	1	0	0.385089	0.414202	0.707115	1	0.41421	0.58579	0.322023	1	1	
193	0.707104	1	0	0.385089	0.414203	0.707115	1	0.41421	0.58579	0.322023	1	1	
194	0.707105	1	0	0.385089	0.414203	0.707115	1	0.414211	0.585789	0.322023	1	1	
195	0.707106	1	0	0.385089	0.414204	0.707114	1	0.414211	0.585789	0.322023	1	1	
196	0.707106	1	0	0.385089	0.414205	0.707114	1	0.414211	0.585789	0.322023	1	1	
197	0.707106	1	0	0.385089	0.414205	0.707113	1	0.414212	0.585788	0.322023	1	1	
198	0.707107	1	0	0.385089	0.414206	0.707113	1	0.414212	0.585788	0.322023	1	1	
199	0.707107	1	0	0.385089	0.414207	0.707113	1	0.414212	0.585788	0.322023	1	1	
200	0.707107	1	0	0.385089	0.414207	0.707112	1	0.414212	0.585788	0.322023	1	1	
